RMSE : 0.014082656345978817
MAE  : 0.010285557941296252
